  4.2925
  5.5798
  8.3596
 11.5279
 14.2956
 16.4293
 17.5415
 17.0988
 15.2106
 12.0951
  8.3554
  5.2787
  4.6510
  5.8067
  8.0055
 11.1514
 14.1064
 16.2409
 17.3456
 16.8884
 15.2156
 11.8952
  7.7798
  4.9411
  4.5184
  5.9238
  7.9281
 11.1581
 14.0127
 16.1343
 17.2267
 16.8647
 15.0935
 11.8816
  8.0220
  5.0256
  4.0065
  5.1320
  7.6478
 11.1816
 14.1072
 16.1488
 17.1708
 16.8913
 14.9348
 12.0334
  8.5131
  5.4732
  4.4147
  4.8536
  7.7398
 11.0385
 14.2066
 16.3432
 17.3581
 16.9091
 15.1962
 12.1323
  8.5296
  5.5877
  4.3305
  5.0948
  8.0166
 11.7621
 14.4763
 16.5299
 17.4241
 17.0936
 15.1639
 12.2298
  7.9159
  5.7083
  4.0078
  4.9752
  7.8264
 10.9707
 13.8644
 16.0068
 17.2260
 16.8004
 15.1118
 12.2467
  7.7395
  5.1094
  4.3591
  5.4024
  7.5153
 11.1896
 14.2181
 16.3250
 17.3403
 16.7719
 15.2551
 11.9589
  7.9150
  5.2796
  3.8865
  5.2838
  7.7188
 10.9596
 13.9441
 16.1597
 17.2822
 17.0849
 15.2531
 12.1759
  8.4670
  5.2498
  4.4381
  5.4184
  7.8181
 11.3231
 14.1820
 16.2572
 17.4621
 17.0191
 15.1412
 11.9744
  7.7431
  4.9503
  3.9954
  5.0071
  7.4847
 11.1360
 14.0899
 16.1856
 17.3090
 16.9008
 15.0593
 12.1105
  8.2970
  5.4220
  4.3647
  5.7018
  7.6597
 11.3017
 14.2777
 16.3663
 17.0356
 16.5736
 14.8124
 11.5975
  7.9285
  5.1718
  4.2870
  5.0045
  7.6875
 11.2104
 13.8631
 16.0475
 17.2930
 16.9274
 15.0927
 12.0176
  8.4538
  5.8996
  5.1456
  5.7413
  8.0388
 11.2596
 14.3259
 16.3892
 17.3982
 16.9835
 15.1420
 12.2323
  8.0342
  5.3648
  4.3819
  5.6598
  7.8680
 11.5476
 14.3953
 16.3511
 17.5326
 17.0234
 15.1763
 11.9594
  8.4061
  5.5462
  4.4853
  5.4505
  7.7489
 11.2037
 14.1715
 16.0997
 17.3919
 17.0000
 15.0502
 11.9878
  8.0175
  4.6555
  4.1350
  4.8708
  7.4128
 11.0350
 13.7557
 16.1088
 17.4266
 16.8731
 15.1990
 11.7676
  8.1939
  4.6110
  4.1725
  5.0549
  7.7634
 10.9491
 13.7893
 16.1552
 17.2315
 16.8303
 15.2030
 12.3832
  8.0673
  4.9744
  4.1671
  5.3669
  7.7432
 11.4825
 14.0824
 16.2671
 17.3979
 17.0583
 15.2832
 12.2300
  7.7993
  5.1995
  4.6458
  5.1747
  8.2066
 11.3341
 14.3106
 16.2745
 17.3915
 16.9925
 15.2213
 12.0000
  7.8603
  4.8349
  4.8582
  5.4837
  8.0737
 11.4298
 14.4045
 16.4833
 17.5488
 16.9216
 15.1199
 12.1436
  7.9684
  5.4228
  4.0676
  5.0203
  8.0589
 11.4716
 14.3696
 16.3442
 17.3808
 16.9329
 15.1086
 12.0209
  8.2678
  5.4032
  4.4790
  4.9787
  7.8429
 10.9253
 14.1139
 16.3728
 17.2554
 16.8979
 15.2459
 12.4004
  8.5888
  5.7264
  4.2707
  5.4273
  8.1045
 11.1508
 14.3113
 16.3613
 17.3746
 16.9276
 15.2705
 12.1117
  8.3926
  5.1423
  4.2703
  5.2852
  7.9814
 11.4926
 14.1319
 16.1622
 17.2519
 17.1430
 15.2694
 12.0478
  8.5000
  5.9687
  5.1318
  6.0291
  8.4544
 11.2826
 14.0523
 16.4077
 17.3178
 17.1306
 15.3362
 12.3803
  8.4366
  5.1831
  4.2450
  5.4424
  7.8096
 11.2542
 14.2284
 16.3720
 17.4757
 16.9864
 15.4815
 12.5804
  8.3970
  4.9594
  4.6345
  5.5943
  7.8857
 11.3375
 14.3028
 16.2263
 17.4957
 17.0214
 15.3388
 12.3253
  8.4683
  5.4618
  3.9566
  4.5726
  7.9575
 11.2425
 14.1104
 16.1859
 17.2051
 16.9966
 15.1349
 12.3621
  8.4101
  4.5529
  4.3111
  5.4270
  8.3167
 11.3897
 14.2285
 16.5019
 17.5223
 17.2048
 15.1907
 12.1720
  8.6341
  5.4872
  4.5149
  5.1552
  8.0939
 11.2786
 14.1409
 16.5581
 17.6844
 17.3130
 15.3953
 12.6341
  8.3528
  5.6610
  5.3567
  5.3251
  7.8854
 11.8058
 14.2560
 16.3813
 17.5594
 17.0773
 15.5159
 12.4254
  8.1470
  5.4146
  4.0591
  5.0447
  7.7525
 11.3056
 14.1757
 16.1952
 17.4145
 17.1214
 15.2072
 12.2103
  8.1810
  4.9430
  4.4149
  6.0498
  7.8107
 11.2098
 14.6113
 16.4402
 17.4392
 17.0125
 15.0891
 12.3139
  8.6195
  5.7207
  4.1878
  6.4686
  8.2818
 11.0644
 14.1309
 16.3804
 17.5355
 17.1175
 15.3396
 12.4632
  7.8356
  5.3254
  4.2541
  5.1155
  8.0075
 11.3248
 14.4073
 16.4347
 17.7148
 17.1137
 15.3201
 12.3162
  8.5120
  5.7544
  4.3797
  5.8554
  7.7971
 11.3525
 14.4701
 16.6200
 17.5478
 17.2504
 15.5777
 12.6167
  8.5698
  5.3574
  4.7852
  5.8291
  8.5271
 11.9681
 14.5480
 16.5307
 17.6393
 17.2476
 15.6248
 12.6659
  8.7946
  5.3637
  4.8111
  5.7020
  7.8554
 11.4834
 14.5659
 16.6093
 17.5574
 17.2247
 15.2095
 12.1245
  8.4870
  6.5336
  4.1071
  5.7586
  8.2298
 11.7242
 14.3436
 16.5890
 17.6734
 17.1241
 15.5294
 12.3165
  8.3367
  5.8422
  4.6462
  6.0075
  8.1608
 11.6723
 14.4832
 16.5951
 17.7132
 17.2184
 15.1441
 12.5263
  8.1709
  5.4387
  4.8201
  5.2899
  8.2115
 11.5334
 14.4115
 16.6163
 17.4334
 17.0816
 15.4795
 12.5026
  8.5652
  5.6912
  4.3020
  5.8403
  8.0410
 11.7219
 14.5574
 16.2221
 17.5684
 16.9922
 15.3565
 12.7401
  8.5503
  5.9684
  5.3362
  5.9381
  8.4261
 11.5194
 14.4464
 16.5477
 17.6219
 17.2505
 15.7110
 12.6359
  8.3043
  5.2827
  4.4243
  5.0852
  8.0493
 11.6922
 14.2144
 16.3974
 17.4443
 17.5072
 15.4800
 12.4486
  8.3377
  4.9936
  4.8248
  5.8396
  8.0978
 11.7853
 14.3443
 16.2461
 17.5021
 17.1028
 15.3289
 12.2300
  8.4387
  5.0113
  4.3530
  5.5400
  8.4522
 11.6777
 14.3527
 16.5290
 17.4739
 17.1184
 15.3876
 12.7610
  8.5697
  5.4765
  5.0774
  5.5861
  7.8063
 11.5754
 14.6191
 16.6068
 17.5547
 17.1556
 15.4293
 12.4681
  8.4791
  5.3195
  4.9836
  5.2093
  7.9549
 11.4834
 14.3931
 16.3017
 17.3477
 17.1593
 15.2200
 12.4518
  8.3881
  5.1988
  3.8576
  5.1163
  8.0563
 11.2334
 14.3391
 16.3371
 17.2315
 16.8028
 15.2140
 12.0259
  7.6737
  5.2977
  3.9810
  4.7431
  7.8519
 11.4698
 14.4948
 16.3731
 17.4483
 17.1795
 15.5498
 12.4242
  8.3440
  5.9502
  4.8050
  5.6395
  7.7723
 11.5473
 14.4570
 16.4247
 17.6070
 17.1089
 15.4013
 12.0737
  7.7510
  5.4524
  4.7356
  5.9058
  8.4929
 11.9211
 14.5397
 16.5978
 17.4798
 17.2282
 15.3611
 12.4371
  8.2048
  5.7109
  3.9323
  5.4249
  7.9062
 11.2972
 14.1343
 16.4084
 17.3916
 17.1456
 15.4015
 12.3888
  8.7010
  5.3387
  5.0998
  5.4568
  7.4226
 11.2083
 14.2959
 16.4904
 17.2778
 17.1806
 15.3176
 12.4403
  8.0427
  5.1022
  4.2447
  5.0176
  7.6752
 11.0282
 13.8818
 16.1793
 17.2694
 16.6769
 14.8239
 11.8592
  7.9160
  5.1635
  4.2492
  5.3241
  7.8162
 11.2259
 14.2285
 16.5363
 17.2869
 17.1242
 15.3387
 12.2228
  8.4739
  5.9442
  5.2686
  5.8874
  8.2123
 11.5246
 14.4762
 16.3809
 17.5272
 17.0407
 15.1418
 12.2205
  8.3916
  5.6616
  4.7818
  5.6043
  8.4522
 11.6353
 14.2475
 16.5879
 17.5487
 17.0827
 15.3290
 12.0241
  8.1021
  5.4981
  4.6104
  6.1067
  7.3415
 11.1820
 14.0309
 16.5602
 17.3399
 17.0719
 15.3114
 12.2299
  8.1059
  5.9707
  4.6758
  5.8637
  8.3548
 11.6303
 14.4326
 16.5346
 17.4421
 17.0369
 15.2578
 12.1066
  8.3805
  5.3343
  4.7878
  5.9341
  8.3770
 11.5979
 14.3345
 16.2989
 17.4598
 17.0546
 15.3008
 12.4249
  8.4953
  5.6780
  4.6047
  6.2495
  7.9341
 11.3504
 14.1460
 16.2464
 17.5628
 17.1938
 15.4650
 12.8314
  8.7563
  5.5353
  4.5359
  5.3510
  7.6833
 11.1471
 14.2474
 16.2197
 17.3200
 16.8761
 15.0449
 11.8279
  8.1377
  5.1506
  4.5829
  5.1878
  8.0316
 11.0620
 14.2640
 16.3435
 17.2500
 16.8488
 15.1116
 12.2874
  8.1186
  5.4746
  4.3536
  5.4874
  8.0612
 11.1755
 14.2983
 16.5544
 17.5125
 17.1515
 15.3395
 12.0865
  8.1138
  5.1065
  4.2631
  5.0684
  8.0890
 11.5046
 14.5871
 16.1791
 17.3837
 16.9889
 15.1331
 12.7078
  8.3291
  5.5836
  4.1675
  5.4299
  8.7684
 11.3987
 14.0942
 16.2094
 17.2700
 16.8583
 15.0884
 12.1374
  8.0391
  5.0608
  3.7711
  4.8190
  7.9375
 11.4737
 14.3411
 16.2908
 17.5551
 17.0919
 15.1816
 12.2424
  8.6542
  5.8887
  4.5384
  5.9886
  7.9792
 11.5750
 14.2747
 16.4967
 17.5351
 17.0408
 15.2766
 12.0762
  8.2633
  5.1862
  4.5638
  5.1557
  7.8340
 11.2155
 14.1910
 16.1520
 17.3664
 16.9588
 15.2942
 12.1919
  8.4565
  5.5150
  3.6722
  4.8235
  7.9708
 11.3253
 14.1699
 16.3617
 17.3569
 16.9996
 14.9682
 12.1696
  8.0301
  5.5288
  4.7627
  6.1027
  8.6047
 11.7665
 14.5657
 16.7139
 17.5537
 17.1484
 15.2153
 12.3209
  8.2364
  5.6180
  3.9426
  4.9032
  8.0603
 11.4218
 14.1599
 16.2334
 17.4037
 16.9552
 14.9912
 11.8183
  7.9920
  5.1125
  4.6994
  5.6409
  8.2803
 11.6515
 14.4780
 16.5608
 17.4789
 16.9502
 15.3545
 12.0784
  8.0882
  5.3525
  4.5892
  5.2850
  7.4211
 11.4394
 14.0705
 16.1186
 17.1846
 16.7820
 15.1423
 11.4852
  7.8266
  5.2392
  4.1344
  5.6897
  8.5277
 11.8678
 14.5458
 16.6812
 17.5204
 17.0148
 15.3031
 12.1304
  8.7460
  5.5109
  4.5985
  5.7864
  8.3560
 11.5865
 14.2930
 16.1737
 17.3291
 16.7822
 15.1603
 12.1211
  8.4903
  5.4780
  4.4670
  5.2142
  8.2828
 11.2456
 14.3564
 16.4414
 17.4955
 17.1088
 15.3577
 12.4164
  8.5112
  6.2238
  4.6573
  5.8828
  8.1027
 11.7347
 14.7011
 16.5433
 17.5228
 17.1680
 15.3030
 12.3898
  8.6924
  5.6843
  5.5055
  6.3398
  8.8882
 11.9984
 14.5409
 16.6133
 17.5196
 17.3525
 15.3875
 12.3470
  8.5289
  6.2255
  4.3508
  5.6168
  7.9317
 11.6473
 14.3915
 16.3388
 17.5643
 17.1074
 15.3980
 12.1079
  8.0782
  5.9434
  5.2233
  6.1395
  8.5238
 11.6048
 14.4471
 16.5416
 17.7287
 17.4124
 15.6369
 12.3873
  9.0905
  5.7200
  4.6958
  5.4442
  8.3059
 11.4434
 14.7061
 16.4807
 17.4845
 17.0945
 15.1027
 12.3152
  8.0867
  4.9004
  4.7505
  5.1638
  8.2068
 11.5232
 14.5239
 16.4435
 17.3169
 17.1912
 15.2437
 12.2504
  8.3115
  5.6583
  5.0403
  6.0077
  8.4828
 11.8072
 14.6098
 16.6025
 17.4300
 17.1316
 15.2218
 12.1613
  8.2244
  5.5543
  4.8307
  6.3867
  8.0881
 11.6614
 14.5669
 16.6062
 17.8711
 17.3028
 15.6435
 12.4095
  8.3378
  6.1862
  5.1797
  5.8436
  8.6874
 11.9813
 14.7663
 16.8931
 17.8651
 17.4258
 15.6755
 12.6136
  8.5154
  6.1230
  4.5910
  5.9999
  8.5768
 11.7214
 14.5522
 16.6120
 17.6341
 17.2271
 15.4353
 12.4838
  8.3561
  5.9524
  4.9847
  6.0329
  9.5234
 12.1683
 14.8160
 16.8961
 17.6669
 17.3855
 15.4780
 12.6781
  8.9450
  5.9666
  4.9556
  6.2152
  8.4422
 12.1194
 14.7262
 17.0261
 17.8606
 17.3418
 15.6519
 12.6110
  8.6063
  5.6274
  5.2765
  6.1141
  8.6913
 11.5753
 14.5021
 16.4154
 17.1743
 16.9685
 14.9794
 12.0381
  8.0613
  5.8037
  5.0227
  6.0768
  8.7191
 11.7631
 14.6297
 16.6422
 17.6469
 17.1822
 15.1070
 12.3884
  8.0999
  5.8128
  4.8566
  5.2713
  8.6194
 12.0463
 14.8632
 16.9023
 17.7264
 17.3504
 15.6000
 12.8475
  8.9089
  5.8812
  5.4565
  6.8622
  8.7275
 12.0662
 14.6795
 17.0408
 17.8394
 17.7230
 15.7439
 12.9146
  8.9059
  5.8383
  4.6968
  6.1665
  8.2946
 11.5409
 14.7171
 16.6722
 17.7939
 17.2330
 15.3557
 12.3735
  8.6250
  5.9693
  5.0004
  6.1083
  8.7545
 11.9427
 14.7107
 16.9342
 17.8748
 17.5277
 15.8282
 12.8899
  8.8095
  6.0928
  5.1176
  6.8705
  8.8575
 12.4766
 15.1272
 17.2514
 18.4093
 17.9052
 15.8499
 12.8166
  8.6930
  6.3880
  5.3035
  6.9204
  8.3786
 12.0326
 14.7535
 16.8569
 17.9186
 17.3992
 15.7607
 12.7270
  8.8175
  6.5238
  4.8734
  6.5281
  9.0246
 12.5161
 14.8954
 16.8289
 17.8638
 17.6171
 15.5846
 12.3797
  8.3139
  5.6039
  5.1817
  6.0402
  9.0387
 12.2092
 15.0827
 16.9405
 18.0686
 17.8209
 15.7612
 12.7386
  9.3571
  6.1427
  5.6823
  6.8785
  9.3162
 12.0958
 14.8782
 17.0679
 18.2434
 17.6627
 15.9147
 12.6837
  9.0976
  5.8914
  5.6069
  6.1715
  8.6633
 12.1031
 15.1744
 17.0496
 18.0646
 17.7633
 15.9538
 13.1713
  8.9525
  6.6888
  5.3376
  6.6532
  9.0932
 12.2183
 14.7056
 16.8812
 17.8243
 17.4442
 15.7682
 12.9518
  9.3945
  5.8859
  5.4449
  6.0896
  9.1355
 12.6000
 15.1921
 17.3180
 18.2385
 17.6714
 16.1528
 13.2105
  9.5254
  6.3999
  5.0395
  6.4433
  8.9545
 12.0071
 14.8913
 17.2599
 18.1906
 17.6855
 15.9118
 13.0496
  8.9697
  6.6700
  6.1046
  6.4906
  9.1143
 12.6092
 15.1280
 16.9433
 17.9864
 17.7006
 15.9487
 13.1113
  9.1049
  6.2331
  4.7153
  5.9608
  9.5101
 12.0562
 14.8913
 16.9893
 18.0469
 17.5969
 15.7353
 13.1557
  9.2718
  6.0208
  5.3193
  6.2719
  8.7854
 12.3580
 14.8690
 16.9934
 17.9941
 17.8274
 16.1622
 12.8897
  9.0931
  5.9622
  5.3247
  6.4446
  9.3346
 12.5549
 15.2472
 17.2845
 18.3003
 17.8162
 15.8773
 13.0645
  9.5827
  6.0141
  5.0448
  5.9926
  8.8806
 12.3617
 14.9897
 17.2403
 18.1926
 17.8008
 16.0373
 13.1254
  8.8258
  6.3264
  4.9868
  5.9787
  8.7621
 12.6301
 15.4055
 17.3804
 18.2335
 17.7565
 16.1015
 13.0342
  9.2392
  5.7333
  5.3220
  6.4657
  8.8957
 12.0497
 15.2213
 17.2986
 18.1032
 17.6513
 15.9314
 12.9304
  9.4128
  6.2984
