1950   1  24.56
1950   2  25.07
1950   3  25.88
1950   4  26.29
1950   5  26.19
1950   6  26.47
1950   7  26.28
1950   8  25.88
1950   9  25.73
1950  10  25.68
1950  11  25.46
1950  12  25.29
1951   1  25.26
1951   2  25.72
1951   3  26.91
1951   4  27.59
1951   5  27.93
1951   6  27.73
1951   7  27.59
1951   8  27.01
1951   9  27.22
1951  10  27.20
1951  11  27.25
1951  12  26.92
1952   1  26.67
1952   2  26.75
1952   3  27.19
1952   4  27.81
1952   5  27.79
1952   6  27.18
1952   7  26.52
1952   8  26.30
1952   9  26.35
1952  10  26.25
1952  11  25.92
1952  12  26.21
1953   1  26.74
1953   2  27.00
1953   3  27.57
1953   4  28.03
1953   5  28.28
1953   6  28.12
1953   7  27.42
1953   8  26.93
1953   9  27.00
1953  10  26.87
1953  11  26.88
1953  12  27.01
1954   1  26.98
1954   2  27.03
1954   3  26.91
1954   4  26.65
1954   5  27.11
1954   6  26.79
1954   7  26.10
1954   8  25.42
1954   9  25.11
1954  10  25.22
1954  11  25.56
1954  12  25.26
1955   1  25.62
1955   2  25.82
1955   3  26.23
1955   4  26.61
1955   5  26.65
1955   6  26.54
1955   7  26.14
1955   8  25.50
1955   9  25.28
1955  10  24.41
1955  11  24.25
1955  12  24.57
1956   1  25.34
1956   2  25.77
1956   3  26.47
1956   4  26.86
1956   5  27.13
1956   6  26.81
1956   7  26.22
1956   8  25.67
1956   9  25.72
1956  10  25.74
1956  11  25.56
1956  12  25.71
1957   1  26.04
1957   2  26.54
1957   3  27.46
1957   4  28.23
1957   5  28.54
1957   6  28.35
1957   7  28.15
1957   8  27.68
1957   9  27.42
1957  10  27.41
1957  11  27.62
1957  12  27.89
1958   1  28.32
1958   2  28.24
1958   3  28.27
1958   4  28.28
1958   5  28.30
1958   6  27.98
1958   7  27.31
1958   8  26.84
1958   9  26.40
1958  10  26.45
1958  11  26.75
1958  12  26.61
1959   1  27.07
1959   2  27.18
1959   3  27.47
1959   4  27.88
1959   5  27.69
1959   6  27.36
1959   7  26.43
1959   8  26.09
1959   9  25.92
1959  10  26.24
1959  11  26.04
1959  12  26.18
1960   1  26.26
1960   2  26.29
1960   3  26.99
1960   4  27.49
1960   5  27.68
1960   6  27.23
1960   7  26.87
1960   8  26.69
1960   9  26.43
1960  10  26.21
1960  11  26.25
1960  12  26.22
1961   1  26.23
1961   2  26.56
1961   3  26.94
1961   4  27.37
1961   5  27.75
1961   6  27.66
1961   7  26.87
1961   8  26.18
1961   9  25.78
1961  10  25.70
1961  11  26.07
1961  12  25.98
1962   1  25.96
1962   2  26.20
1962   3  26.81
1962   4  27.13
1962   5  27.05
1962   6  27.08
1962   7  26.75
1962   8  26.32
1962   9  25.93
1962  10  25.96
1962  11  25.75
1962  12  25.67
1963   1  25.77
1963   2  26.23
1963   3  27.18
1963   4  27.79
1963   5  27.63
1963   6  27.61
1963   7  27.77
1963   8  27.47
1963   9  27.39
1963  10  27.35
1963  11  27.46
1963  12  27.61
1964   1  27.33
1964   2  27.13
1964   3  27.02
1964   4  26.95
1964   5  26.82
1964   6  26.58
1964   7  26.33
1964   8  25.59
1964   9  25.32
1964  10  25.36
1964  11  25.26
1964  12  25.22
1965   1  25.66
1965   2  26.20
1965   3  26.95
1965   4  27.38
1965   5  27.99
1965   6  28.08
1965   7  27.89
1965   8  27.96
1965   9  28.00
1965  10  28.15
1965  11  28.11
1965  12  27.95
1966   1  27.66
1966   2  27.55
1966   3  28.21
1966   4  28.16
1966   5  27.55
1966   6  27.63
1966   7  27.32
1966   8  26.48
1966   9  26.27
1966  10  26.22
1966  11  26.23
1966  12  26.02
1967   1  25.88
1967   2  26.12
1967   3  26.51
1967   4  26.75
1967   5  27.35
1967   6  27.46
1967   7  26.96
1967   8  26.43
1967   9  25.85
1967  10  25.96
1967  11  26.07
1967  12  25.95
1968   1  25.69
1968   2  25.69
1968   3  26.34
1968   4  27.10
1968   5  27.19
1968   6  27.87
1968   7  27.57
1968   8  27.00
1968   9  26.72
1968  10  26.75
1968  11  27.20
1968  12  27.27
1969   1  27.50
1969   2  27.86
1969   3  27.83
1969   4  28.14
1969   5  28.29
1969   6  27.69
1969   7  27.08
1969   8  27.02
1969   9  27.15
1969  10  27.34
1969  11  27.11
1969  12  26.98
1970   1  26.84
1970   2  26.96
1970   3  27.15
1970   4  27.75
1970   5  27.63
1970   6  27.03
1970   7  26.21
1970   8  25.59
1970   9  25.64
1970  10  25.59
1970  11  25.57
1970  12  25.27
1971   1  24.82
1971   2  25.20
1971   3  25.93
1971   4  26.64
1971   5  26.95
1971   6  26.60
1971   7  26.12
1971   8  25.74
1971   9  25.71
1971  10  25.47
1971  11  25.55
1971  12  25.37
1972   1  25.63
1972   2  26.31
1972   3  27.09
1972   4  27.90
1972   5  28.31
1972   6  28.18
1972   7  28.14
1972   8  27.94
1972   9  27.94
1972  10  28.25
1972  11  28.60
1972  12  28.68
1973   1  28.33
1973   2  27.95
1973   3  27.56
1973   4  27.25
1973   5  26.97
1973   6  26.55
1973   7  25.76
1973   8  25.23
1973   9  25.06
1973  10  24.74
1973  11  24.34
1973  12  24.34
1974   1  24.47
1974   2  25.11
1974   3  25.86
1974   4  26.48
1974   5  26.65
1974   6  26.53
1974   7  26.39
1974   8  26.33
1974   9  26.07
1974  10  25.77
1974  11  25.61
1974  12  25.63
1975   1  26.10
1975   2  26.08
1975   3  26.21
1975   4  26.87
1975   5  26.80
1975   6  26.23
1975   7  25.90
1975   8  25.34
1975   9  25.05
1975  10  24.89
1975  11  25.05
1975  12  24.67
1976   1  24.54
1976   2  25.49
1976   3  26.46
1976   4  26.89
1976   5  27.20
1976   6  27.35
1976   7  27.12
1976   8  26.98
1976   9  27.02
1976  10  27.46
1976  11  27.41
1976  12  27.08
1977   1  27.32
1977   2  27.13
1977   3  27.48
1977   4  27.45
1977   5  27.72
1977   6  27.74
1977   7  27.38
1977   8  26.84
1977   9  27.11
1977  10  27.34
1977  11  27.18
1977  12  27.29
1978   1  27.17
1978   2  27.01
1978   3  27.10
1978   4  27.12
1978   5  27.20
1978   6  27.02
1978   7  26.74
1978   8  26.07
1978   9  26.01
1978  10  26.25
1978  11  26.32
1978  12  26.54
1979   1  26.42
1979   2  26.54
1979   3  27.28
1979   4  27.84
1979   5  27.69
1979   6  27.43
1979   7  26.82
1979   8  26.75
1979   9  26.99
1979  10  26.83
1979  11  26.99
1979  12  27.11
1980   1  27.09
1980   2  26.98
1980   3  27.32
1980   4  27.76
1980   5  28.02
1980   6  27.94
1980   7  27.23
1980   8  26.48
1980   9  26.44
1980  10  26.46
1980  11  26.60
1980  12  26.65
1981   1  26.19
1981   2  26.12
1981   3  26.66
1981   4  27.30
1981   5  27.36
1981   6  27.27
1981   7  26.65
1981   8  26.32
1981   9  26.52
1981  10  26.42
1981  11  26.29
1981  12  26.40
1982   1  26.68
1982   2  26.60
1982   3  27.42
1982   4  28.03
1982   5  28.39
1982   6  28.26
1982   7  27.66
1982   8  27.58
1982   9  28.20
1982  10  28.69
1982  11  28.61
1982  12  28.79
1983   1  28.88
1983   2  28.69
1983   3  28.67
1983   4  28.77
1983   5  28.84
1983   6  28.28
1983   7  27.19
1983   8  26.60
1983   9  26.20
1983  10  25.57
1983  11  25.42
1983  12  25.58
1984   1  25.88
1984   2  26.57
1984   3  26.78
1984   4  27.15
1984   5  27.20
1984   6  26.83
1984   7  26.78
1984   8  26.60
1984   9  26.38
1984  10  26.04
1984  11  25.52
1984  12  25.26
1985   1  25.39
1985   2  26.04
1985   3  26.50
1985   4  26.65
1985   5  26.91
1985   6  26.81
1985   7  26.55
1985   8  26.29
1985   9  26.02
1985  10  26.23
1985  11  26.33
1985  12  26.19
1986   1  25.89
1986   2  26.06
1986   3  26.88
1986   4  27.49
1986   5  27.41
1986   6  27.42
1986   7  27.18
1986   8  27.17
1986   9  27.24
1986  10  27.51
1986  11  27.70
1986  12  27.71
1987   1  27.68
1987   2  27.89
1987   3  28.27
1987   4  28.40
1987   5  28.56
1987   6  28.64
1987   7  28.58
1987   8  28.41
1987   9  28.36
1987  10  27.95
1987  11  27.77
1987  12  27.54
1988   1  27.45
1988   2  27.04
1988   3  27.39
1988   4  27.38
1988   5  26.68
1988   6  25.99
1988   7  25.56
1988   8  25.67
1988   9  25.72
1988  10  24.82
1988  11  24.66
1988  12  24.64
1989   1  24.59
1989   2  25.29
1989   3  26.09
1989   4  26.75
1989   5  27.07
1989   6  27.14
1989   7  26.71
1989   8  26.32
1989   9  26.41
1989  10  26.32
1989  11  26.25
1989  12  26.46
1990   1  26.56
1990   2  26.98
1990   3  27.34
1990   4  27.90
1990   5  28.02
1990   6  27.65
1990   7  27.38
1990   8  27.07
1990   9  26.94
1990  10  26.93
1990  11  26.81
1990  12  26.96
1991   1  27.04
1991   2  27.08
1991   3  27.33
1991   4  28.02
1991   5  28.20
1991   6  28.25
1991   7  28.05
1991   8  27.53
1991   9  27.14
1991  10  27.58
1991  11  27.89
1991  12  28.28
1992   1  28.37
1992   2  28.53
1992   3  28.66
1992   4  29.02
1992   5  28.97
1992   6  28.30
1992   7  27.51
1992   8  26.91
1992   9  26.66
1992  10  26.42
1992  11  26.42
1992  12  26.45
1993   1  26.70
1993   2  27.17
1993   3  27.68
1993   4  28.41
1993   5  28.71
1993   6  28.08
1993   7  27.52
1993   8  26.99
1993   9  27.07
1993  10  26.78
1993  11  26.71
1993  12  26.76
1994   1  26.65
1994   2  26.82
1994   3  27.39
1994   4  28.08
1994   5  28.24
1994   6  28.04
1994   7  27.54
1994   8  27.38
1994   9  27.19
1994  10  27.47
1994  11  27.81
1994  12  27.85
1995   1  27.57
1995   2  27.49
1995   3  27.76
1995   4  28.11
1995   5  27.83
1995   6  27.59
1995   7  27.08
1995   8  26.23
1995   9  25.88
1995  10  25.84
1995  11  25.61
1995  12  25.66
1996   1  25.70
1996   2  25.91
1996   3  26.69
1996   4  27.36
1996   5  27.55
1996   6  27.29
1996   7  26.85
1996   8  26.64
1996   9  26.27
1996  10  26.27
1996  11  26.29
1996  12  25.96
1997   1  26.02
1997   2  26.39
1997   3  27.05
1997   4  27.99
1997   5  28.58
1997   6  28.81
1997   7  28.85
1997   8  28.74
1997   9  28.84
1997  10  29.07
1997  11  29.11
1997  12  28.89
1998   1  28.93
1998   2  28.79
1998   3  28.63
1998   4  28.61
1998   5  28.52
1998   6  27.35
1998   7  26.32
1998   8  25.59
1998   9  25.47
1998  10  25.26
1998  11  25.25
1998  12  24.92
1999   1  24.87
1999   2  25.44
1999   3  26.34
1999   4  26.71
1999   5  26.79
1999   6  26.54
1999   7  26.13
1999   8  25.64
1999   9  25.63
1999  10  25.48
1999  11  25.13
1999  12  24.87
2000   1  24.79
2000   2  25.23
2000   3  26.31
2000   4  26.96
2000   5  27.08
2000   6  26.95
2000   7  26.63
2000   8  26.37
2000   9  26.20
2000  10  26.02
2000  11  25.92
2000  12  25.69
2001   1  25.82
2001   2  26.14
2001   3  26.82
2001   4  27.34
2001   5  27.60
2001   6  27.54
2001   7  27.25
2001   8  26.80
2001   9  26.52
2001  10  26.57
2001  11  26.34
2001  12  26.20
2002   1  26.40
2002   2  26.72
2002   3  27.30
2002   4  27.85
2002   5  28.24
2002   6  28.44
2002   7  28.03
2002   8  27.72
2002   9  27.81
2002  10  27.96
2002  11  28.16
2002  12  27.97
2003   1  27.16
2003   2  27.40
2003   3  27.66
2003   4  27.69
2003   5  27.32
2003   6  27.44
2003   7  27.50
2003   8  27.11
2003   9  26.98
2003  10  27.14
2003  11  27.04
2003  12  27.04
2004   1  26.83
2004   2  27.00
2004   3  27.41
2004   4  27.89
2004   5  27.99
2004   6  27.85
2004   7  27.77
2004   8  27.60
2004   9  27.52
2004  10  27.44
2004  11  27.36
2004  12  27.34
2005   1  27.21
2005   2  27.12
2005   3  27.74
2005   4  28.09
2005   5  28.24
2005   6  27.77
2005   7  27.07
2005   8  26.80
2005   9  26.68
2005  10  26.65
2005  11  26.11
2005  12  25.68
2006   1  25.64
2006   2  26.09
2006   3  26.58
2006   4  27.51
2006   5  27.85
2006   6  27.73
2006   7  27.30
2006   8  27.16
2006   9  27.32
2006  10  27.42
2006  11  27.70
2006  12  27.74
2007   1  27.25
2007   2  26.90
2007   3  27.12
2007   4  27.51
2007   5  27.46
2007   6  27.37
2007   7  26.70
2007   8  26.13
2007   9  25.61
2007  10  25.33
2007  11  25.17
2007  12  25.02
2008   1  24.87
2008   2  25.10
2008   3  26.09
2008   4  26.84
2008   5  27.09
2008   6  27.04
2008   7  26.99
2008   8  26.72
2008   9  26.47
2008  10  26.37
2008  11  26.25
2008  12  25.74
2009   1  25.67
2009   2  25.97
2009   3  26.60
2009   4  27.48
2009   5  27.99
2009   6  28.04
2009   7  27.77
2009   8  27.42
2009   9  27.40
2009  10  27.61
2009  11  28.15
2009  12  28.33
2010   1  28.06
2010   2  28.01
2010   3  28.19
2010   4  28.21
2010   5  27.72
2010   6  27.04
2010   7  26.22
2010   8  25.47
2010   9  25.12
2010  10  25.03
2010  11  25.06
2010  12  25.00
2011   1  25.01
2011   2  25.66
2011   3  26.38
2011   4  27.07
2011   5  27.41
2011   6  27.35
2011   7  26.87
2011   8  26.21
2011   9  25.92
2011  10  25.67
2011  11  25.52
2011  12  25.55
2012   1  25.68
2012   2  26.10
2012   3  26.69
2012   4  27.33
2012   5  27.62
2012   6  27.75
2012   7  27.54
2012   8  27.32
2012   9  27.10
2012  10  26.98
2012  11  26.86
2012  12  26.35
2013   1  26.02
2013   2  26.25
2013   3  27.04
2013   4  27.58
2013   5  27.53
2013   6  27.30
2013   7  26.90
2013   8  26.47
2013   9  26.53
2013  10  26.52
2013  11  26.56
2013  12  26.43
2014   1  26.06
2014   2  26.15
2014   3  27.02
2014   4  27.91
2014   5  28.26
2014   6  27.96
2014   7  27.23
2014   8  26.83
2014   9  27.01
2014  10  27.16
2014  11  27.46
2014  12  27.32
2015   1  27.06
2015   2  27.18
2015   3  27.77
2015   4  28.53
2015   5  28.85
2015   6  28.90
2015   7  28.75
2015   8  28.78
2015   9  28.92
2015  10  29.07
2015  11  29.41
2015  12  29.26
2016   1  29.11
2016   2  29.00
2016   3  28.90
2016   4  28.73
2016   5  28.24
2016   6  27.70
2016   7  26.82
2016   8  26.28
2016   9  26.15
2016  10  25.98
2016  11  25.95
2016  12  26.10
2017   1  26.12
2017   2  26.68
2017   3  27.33
2017   4  28.04
2017   5  28.30
2017   6  28.06
2017   7  27.54
2017   8  26.70
2017   9  26.29
2017  10  26.15
2017  11  25.74
2017  12  25.62
2018   1  25.57
2018   2  25.98
2018   3  26.50
2018   4  27.32
2018   5  27.74
2018   6  27.77
2018   7  27.42
2018   8  26.95
2018   9  27.19
2018  10  27.62
2018  11  27.61
2018  12  27.49
2019   1  27.20
2019   2  27.48
2019   3  28.10
2019   4  28.45
2019   5  28.49
2019   6  28.18
2019   7  27.64
2019   8  26.90
2019   9  26.75
2019  10  27.20
2019  11  27.23
2019  12  27.12
2020   1  27.16
2020   2  27.13
2020   3  27.77
2020   4  28.19
2020   5  27.66
2020   6  27.39
2020   7  26.99
2020   8  26.27
2020   9  25.89
2020  10  25.46
2020  11  25.28
2020  12  25.45
